%YAML:1.0
---
mtx: !!opencv-matrix
   rows: 3
   cols: 3
   dt: d
   data: [ 301.4083620372727, 0., 200.97529418711429, 0.,
       302.84798651075192, 102.52599537249883, 0., 0., 1. ]
dist: !!opencv-matrix
   rows: 1
   cols: 5
   dt: d
   data: [ 0.038482216156487198, 0.38533118540807271,
       -0.00094129981196240382, -0.014625907047335336,
       -4.9401107736191872 ]
